5
1.763567809	0.000859231	0.811032192	0.003976664	1.988617579
0.866398201	1.780186248	1.347110591	1.853042986	0.100599221
0.670349839	1.84994154	1.871525495	1.908534688	1.979098963
0.513522673	1.891127973	0.043026401	0.083443272	0.000111923
1.958443743	0.511459194	0.182625019	0.022298848	1.220039489
0.154773186	0.077608246	1.414675967	1.278719728	0.329213727
1.434796331	0.001598009	1.793523162	0.03546	0.009270958
1.489780885	0.009637413	1.439022234	1.894873073	1.662869128
0.000151155	1.807731179	0.028539612	1.834441178	0.4160437
0.029228388	0.263264053	0.000191383	0.010389517	0.002887836
0.749106349	1.437567686	1.859568004	0.685694227	0.021420384
1.988406419	1.766892181	0.012064919	0.811308487	1.611278152
0.000191089	0.000195925	0.563893512	1.249954578	0.097344914
0.006691873	0.884197227	0.280416405	0.031575142	0.002013228
1.720563697	0.00838282	1.926628314	1.927581621	1.343353298
0.347338505	9.75826E-05	1.648914875	1.839716069	0.006269383
0.217857407	0.354189626	0.787916869	1.965458873	0.644103018
0.128515935	1.413374336	0.041286524	0.001699589	0.184444302
0.031000399	0.688501291	1.962247518	0.078637319	1.526115703
1.983820096	0.181892948	1.847406594	1.796472112	0.000892191
0.068788266	1.210737437	0.07311037	0.108670668	0.301614493
1.921334139	0.273450314	0.155081911	0.213585252	0.351722842
1.48190632	0.002184133	1.814833205	1.125979453	0.015668083
0.013996183	0.017156827	0.002959491	0.118999343	0.26822291
1.994234689	0.196057704	1.930399838	1.992911641	0.000611855
0.011786634	1.327557771	0.311974429	0.154332646	1.992856913
1.141325258	0.000100732	0.010469595	0.003569557	0.398889287
1.893227779	1.008159357	1.990496365	0.005928284	1.65432507
0.332369817	0.265102523	0.47352974	0.011097976	0.096615609
1.398231282	1.619291618	0.097650663	0.001144924	0.000841712
0.417286733	0.009243193	0.341933799	0.00536831	0.000298307
8.52067E-05	1.215999475	1.902483158	0.554622094	1.464023788
1.951190709	0.000416168	0.00033432	1.881597541	0.108672659
0.068067399	1.784858345	0.037411384	0.009274302	1.675700564
1.760369318	1.668537226	1.650578681	0.755569282	9.55166E-05
0.138415868	1.993991814	0.925339946	1.932545458	0.00074798
1.815178393	1.850720982	0.01571613	1.828158432	0.525533513
0.001243261	1.858310422	1.912176177	0.000258984	1.834264243
1.901979809	0.000953013	0.756089955	1.642871472	0.760473066
0.000749649	1.565335408	0.000120228	0.158661424	0.019580151
0.237154763	1.966190896	1.862406437	0.273073408	0.149726374
0.008506387	0.03563381	0.004268258	0.259469476	0.003444829
8.5641E-05	0.210366083	0.842391324	0.231531817	0.126849648
0.000665165	0.003552703	0.000284352	0.004827478	0.000175769
1.103719776	0.56861027	1.981502476	0.711929749	0.453910057
0.000128976	0.396311464	0.000150645	1.987015965	0.001066755
0.002931321	1.733142169	1.994321514	1.405566157	1.806382571
1.16035193	0.001853625	0.721262924	1.916617916	1.720343485
0.003264307	0.185306825	0.076912673	0.059664005	0.004336057
0.100791622	0.04491327	0.592341744	1.804951163	0.00642487
1.15058396	0.043046506	0.00134797	0.063839255	0.046696607
1.865657441	0.001199991	0.118302525	9.08512E-05	0.576572593
0.007629962	0.004361397	0.073128626	1.989576496	1.853271166
0.072041755	0.664407078	1.95929618	1.777658687	0.000104277
0.026460314	0.126282879	1.977772863	0.119725734	1.987657469
1.53929852	0.579701442	0.00752783	0.007211415	1.994041389
0.043331396	0.001412413	0.184075344	0.008092601	0.095244316
0.875793154	0.555864728	0.001548489	0.001420392	0.295728019
0.03884494	0.118499095	0.000728759	1.791014969	1.08662566
0.016663337	1.80727799	0.839831951	0.013101641	0.341421413
0.368501287	0.244479696	1.841671695	0.00013719	1.899979324
0.86056499	0.126578983	0.352262238	0.119235764	0.28832426
0.018176953	0.001434902	1.87192264	0.090879391	0.796570467
0.336863446	1.844346294	1.988307545	0.015902918	1.994025735
0.801760264	0.051061708	0.004783101	0.206175312	0.766186867
0.068243471	1.508999312	0.004499584	0.391199927	0.002269585
0.542688287	1.821610897	0.116398498	0.767090985	0.006439499
0.000150384	0.010901351	0.128212847	0.019533632	0.199956472
1.495437897	1.931784283	1.874744087	0.004134529	0.001285371
0.555487854	0.794075596	0.005366623	0.001572225	0.002791205
0.08919358	1.022740158	1.506363073	0.000122072	0.135277202
1.989497876	1.97450022	0.005227847	0.001742034	1.139749784
1.178258327	0.028610954	0.002061788	0.002603266	1.991481472
0.281277887	0.819608551	1.985377054	0.406254582	0.146227503
1.180787049	0.215702912	0.197056552	1.041819901	0.092148852
0.11341002	0.002962606	0.000912789	0.000103888	0.000137105
0.000888313	0.000118919	1.806137329	1.167179362	0.000144877
1.263432023	0.041256061	0.004364423	0.747876731	0.378590548
0.21813643	1.761125187	0.09547172	1.129824541	0.00599789
1.349511092	0.096480281	0.176878158	0.010016918	1.229127709
0.498939944	0.000212277	0.000574807	1.296126152	1.833243397
0.012122367	0.00013482	0.017983227	1.968647452	1.986524729
1.994224924	0.015684871	1.78615963	0.133085366	1.926197453
0.482150043	0.00013778	0.01785449	0.005037431	0.000226615
0.000344898	1.992941688	1.992023677	1.273898312	1.956789055
1.982241511	0.089306765	0.001380918	0.221870039	8.23089E-05
0.000341157	0.998392114	0.001656524	0.667421483	0.000668117
1.986878504	0.006385674	0.000286964	0.05552858	1.80532478
0.000535688	0.143272281	1.986646559	1.171360463	0.142819349
1.977614896	0.735799259	1.76985769	0.04171346	1.678727105
0.002994901	0.569870027	0.253840049	1.912135793	0.011946392
0.393976439	0.009970393	0.023023356	1.304572033	1.776458771
0.626030545	1.881186271	0.665514718	1.847784237	0.002597695
0.000696587	1.936820894	0.468524383	0.091349983	0.000253237
0.942363401	0.006980202	1.721907819	0.024159252	1.977164503
0.309820507	0.315933689	0.83396262	0.701110827	0.192241045
0.175105975	0.113812084	1.944907902	0.280949022	1.465647545
0.000895434	0.205098482	1.874026666	1.617835339	0.001039444
1.01968767	0.059879327	1.536199103	0.796337359	0.00036533
0.250896925	0.089915484	0.002048711	1.892472036	1.94261796
0.828491952	1.968050259	0.088341399	0.008557831	0.001508554
1.320795793	0.26113936	1.136687027	0.240628485	0.000489612
0.016211801	0.00453006	8.53933E-05	0.000217703	1.882858501
0.002078388	1.061161379	0.02403664	0.000864043	0.848459231
1.900309064	0.096019078	1.994679402	0.000382118	1.985814139
0.00053707	0.013880121	1.548896002	0.086260567	0.001797112
1.023474744	1.801699785	1.986763147	0.002263524	0.000865231
0.225071368	1.871540866	1.83835054	0.002111719	0.140089417
1.160873869	1.987300948	1.924444335	0.001592759	0.010749894
0.007011137	0.010079001	1.866217494	0.357295211	0.350177493
0.050650864	0.000432465	0.00031577	1.61555814	1.348727018
0.014668469	0.328308876	1.319250286	1.977950283	1.788873104
0.018964042	1.992296756	0.150690214	1.872918781	0.00113248
0.133294984	0.000382468	0.560565185	1.864105622	0.206799522
0.002670672	0.002327738	0.437809401	0.005317639	0.005690725
0.000121381	0.13804959	1.950406732	0.73809657	0.342465447
0.182705552	0.005457611	0.592307881	0.079022307	0.001239505
0.320552799	0.00151	0.235969698	1.916231397	0.002784577
1.364155549	0.080487796	0.434253791	0.003390426	1.534432196
1.929877335	1.838221231	0.036349539	1.400996998	0.000605865
0.001894064	0.001221328	0.001437399	0.826083956	0.102365586
0.041188736	0.005594394	0.015616174	0.823180656	0.086825252
1.282588609	0.441343098	9.30571E-05	0.003388041	1.411556715
0.000269079	1.794945566	1.74209154	1.814481203	0.718160466
1.022463608	1.850638636	0.845253106	0.822887594	0.031943671
0.005976975	0.000883554	1.949180841	0.000319763	0.000719387
1.939517499	0.515784724	0.843874201	0.24944668	1.954776005
0.162415819	1.69963773	0.176247556	1.876843153	0.000120171
0.270731053	0.058947939	0.008234518	1.986461077	1.168842409
0.000164404	1.657449885	0.050789111	0.0003788	0.000783928
1.905840689	0.057980936	1.888074627	1.993709605	0.974067407
0.012637193	0.031725012	0.000249022	1.833954856	0.003460771
0.047273093	0.007711761	1.781169523	0.13365574	1.916420516
1.689074435	0.000137029	0.347676972	1.834298051	0.041473711
1.757850219	1.913680127	0.007050421	0.003690995	0.128269858
0.555757124	0.000115683	0.580867322	1.724787008	0.136531074
0.552576763	0.044846445	0.035961015	0.000174585	1.731025672
0.139080784	0.115869748	0.014097271	1.875805029	0.037451906
1.784167069	0.68152235	0.079642448	1.431690973	0.034670487
1.915490565	0.000158814	1.493186133	0.294594192	1.703563571
0.376679899	0.023702711	0.807710854	0.069422316	0.001434604
1.86873391	1.773147336	1.297598549	1.985169449	0.007014871
0.000507643	0.267722571	0.389585754	0.533126853	1.983639452
1.957153304	1.387608638	0.716634054	1.994109909	1.25863623
0.550519736	1.601854119	0.058397895	0.802403135	0.001176461
0.092132269	0.033760282	0.005470329	0.044662992	0.020431494
0.071708596	1.948763942	1.969130924	0.000204521	0.009889945
1.875091224	0.015297511	0.18918129	1.982672137	1.327937708
0.470294989	0.001150487	1.890666016	0.081544389	0.985960511
1.158951184	0.203534846	0.001178932	0.001463671	0.000739557
1.964613312	1.577307711	0.642783432	1.873479251	0.032267354
0.014226971	0.181855999	1.495574884	0.074405091	1.967711697
0.752828154	1.641975923	0.966555141	0.549813712	1.32864611
0.016844122	0.441544483	0.000323325	0.538662961	1.975043785
1.970281002	1.914447392	0.041496716	0.251245994	0.20033205
1.849121973	0.597912012	0.00216971	0.47081342	1.560861176
0.651837494	0.873079854	1.986567689	0.733836477	0.067467982
0.266719992	0.350008855	0.661614425	0.007004078	0.292237459
1.989252256	0.004260624	0.000171139	0.023908878	1.92387086
1.991284562	0.070232597	0.347028844	0.000162034	1.33076091
0.000197512	0.005984607	0.00106764	0.001242574	0.000693121
0.277337713	0.159043209	1.915569665	0.278292822	0.007873114
0.110838883	0.027377966	0.519356633	0.000136651	1.940302968
0.001041426	1.774842402	0.024469191	1.987895678	0.00630932
0.480833882	0.325309626	0.051731356	0.736521308	0.250334981
1.79726609	0.590685112	1.987503335	1.719885015	1.834460955
0.034050873	9.24812E-05	1.909348903	1.434465939	0.321273964
0.359679156	1.26924891	0.001047181	0.252518743	0.223861061
0.024824692	0.48865025	0.592294765	0.026702361	0.67646981
0.02811987	1.992613716	0.213982198	1.836233399	0.169885123
0.00017901	0.000201502	0.016610832	0.002634412	0.008884326
1.914013522	1.027281408	0.000133525	1.754330581	1.855264112
0.359083253	1.994285018	0.907906615	0.875312355	0.004831521
0.000248038	0.07646554	0.638714707	0.000652892	0.00178339
0.000422796	8.35132E-05	1.263240952	0.100140426	0.005108337
0.006405323	0.00116134	1.93059966	1.520861791	1.989589798
1.879543949	1.223310569	0.585213232	1.965292824	0.31010533
0.000114423	0.105065788	0.123592132	0.049520605	0.000146878
0.094283481	1.993059421	1.974740503	0.023970099	0.496719203
0.001925215	1.428541579	1.969765807	0.038261206	0.000702762
1.806271399	1.948236695	0.26609149	0.005430858	0.552924297
0.002230162	0.107029789	0.33102523	0.025705952	0.000551665
0.000405012	0.67045308	1.96331954	0.000193736	1.986253797
1.578685764	0.000424846	1.055627778	0.859764	1.847221833
1.859810678	1.561026331	0.009235403	0.143171766	0.000118786
0.000649378	0.007553911	1.165937873	0.21885213	1.284130494
0.000806751	0.002095666	0.194649218	0.025105824	0.265277887
0.565701637	0.009118307	0.000866371	0.222323691	0.100805583
0.00084813	0.642977414	0.552365222	1.982867997	0.467093848
1.589903179	0.329222866	0.115166247	1.423375316	1.961251061
0.290601518	0.339133726	1.823404739	0.113234023	8.964E-05
0.005779911	1.947982017	0.026702009	1.712779729	0.611423339
0.539291184	0.782989542	0.000164764	0.11320652	1.215727449
0.061026852	0.046966531	0.001244878	1.965103093	1.162326816
0.339123706	1.800883499	1.821741498	0.784082426	1.858454795
0.677924688	0.191476291	0.085553912	0.266604767	0.416392963
0.114293335	0.005644265	0.053512868	0.387110769	0.147926406
0.342071633	1.496665622	1.952313438	0.000162677	1.550341725
1.313692586	0.41737822	0.000306828	0.003227594	0.000113117
0.062670677	1.909787814	1.689044815	1.883693491	0.543984681
0.091552718	0.040759191	0.334826104	0.187190481	0.318925978
1.932174785	1.113322623	1.970575183	0.761095769	1.657606832
0.04359583	0.116502909	0.000356403	0.0033099	0.028106986
1.95519142	1.982660271	0.014660132	0.142894904	0.28258931
0.018241229	0.00644848	1.982564041	1.742816562	0.010350481
1.535337342	1.248170553	0.681431493	0.013056299	0.181900876
0.006478722	0.088932884	1.505442282	0.018814761	0.000407684
0.105851464	0.003044983	0.038801459	0.335447476	0.259038452
0.211085861	1.516492373	1.836656914	0.000330699	0.000329138
0.012502359	0.437659433	1.878164045	0.024900273	1.062466175
0.019168302	1.496039248	0.109141604	1.77149998	0.190829203
1.696204381	1.994664032	0.000169251	0.554694645	0.000533987
0.000289193	0.000749309	1.779977259	0.04609303	1.962849032
0.649019915	0.105313248	0.001432906	1.633887772	1.770629208
1.563622663	0.006181316	0.002344987	1.986942706	0.029825976
0.000230949	0.000312776	1.993143079	1.258416819	0.18095804
0.142067339	0.130752771	1.094002842	0.017473731	0.132353976
1.586629588	0.621351758	0.000506106	0.000608014	1.911040268
0.001160386	0.000939021	0.62159768	1.772122805	1.066857667
0.000188034	0.024726043	0.000464578	1.811412215	1.978231608
0.027703407	0.000517271	0.002849158	0.004752116	0.277892124
0.114829739	1.994708059	8.41089E-05	1.766995047	1.891205646
1.994497479	0.327906437	0.198939528	1.549214782	0.000482939
1.722140138	0.01277671	1.417437864	1.253380987	0.01522115
0.015942842	0.016772901	0.225083986	0.013028387	0.063020664
0.665305417	0.040152724	0.074933439	0.00043751	0.026154877
1.993237789	0.965266854	0.091672521	0.524527884	0.301638441
0.740091996	1.377750283	1.7917246	0.000265565	0.07887553
0.057711279	1.994215013	1.994581734	0.00470516	1.42875908
0.00475531	0.061866473	0.064897338	1.136682687	1.967297584
0.100407636	0.989174891	0.694056178	1.993936007	0.238742734
1.82000835	0.002117702	1.990930064	1.50021132	0.000228178
0.012961443	0.038407974	1.852383134	0.639060648	1.99419361
1.838970289	1.880816556	1.871922916	1.133875701	0.231243631
1.950105282	1.26896728	0.039193555	0.000130865	0.443002668
0.000368848	0.018456531	1.994656517	1.983827937	0.03692475
0.476097883	0.177933814	0.010037267	9.69672E-05	0.519744923
0.004421336	0.01555789	1.560101585	0.000577071	0.000194866
1.950028233	9.7456E-05	0.58971726	0.028532839	0.001014415
0.000864936	1.387170893	1.960202685	0.003150932	1.929520105
0.133550688	0.000546733	0.052184443	1.994711119	0.682095329
0.000175038	1.94474444	0.655995626	1.921201278	0.386665101
1.628027958	0.318927123	0.000897566	1.481246573	0.500085866
0.265501027	0.654812918	0.753233032	0.364930125	0.002040445
0.127016765	0.008675835	0.068872126	0.034277935	0.006702548
1.80746927	1.296402362	0.204999387	1.96720831	0.032009524
0.631156	1.346504131	0.206337811	1.975169202	0.015275561
0.00127308	1.623233829	0.028519667	1.239595798	0.021826974
0.032268693	0.064940625	0.000362163	1.790641781	0.758064681
0.00031149	1.165296017	0.000343444	0.058363333	0.879541388
1.214484117	0.411021932	1.990500516	1.993414801	0.076765301
1.368698341	1.952432571	1.985691396	0.000936499	0.599113876
0.001944674	0.002687939	0.005338869	1.648402204	0.129799725
1.169555167	0.126438631	0.000173076	1.85510179	0.000579963
1.906824064	1.848099703	1.977373302	0.615883123	0.136764223
1.79473206	1.75510863	0.825806416	8.86762E-05	0.002387116
0.01336231	0.0018426	0.009724338	0.004843522	0.574769612
1.993973646	1.791905059	1.338608776	1.981695609	0.026683569
1.994642955	1.971088512	8.44306E-05	0.000215407	0.000815304
1.496790807	1.752891945	1.954007274	0.097300432	1.992352347
1.991671311	1.92213747	0.004106032	0.364159412	0.011167685
0.35996252	1.584862406	0.017872959	1.847220356	0.00324393
0.001606621	0.199329065	1.964818063	1.893102868	1.831549772
0.926853944	1.906165467	1.191213541	0.002472811	0.074158638
0.093531532	0.088703283	0.023664966	1.853369956	0.719682154
1.732892921	0.020199312	1.964553153	0.031534028	0.241307965
0.000554154	0.003275245	0.001445406	1.769633023	0.39031976
1.950043184	1.860699027	0.002126233	0.777581673	1.993744982
0.327112315	0.887235944	1.357491038	0.064603989	0.738599643
0.088238682	1.98291628	0.066875628	0.795528288	1.322184267
0.371249085	1.476557811	1.60946761	0.000315565	1.991995661
0.001413951	1.803897126	1.499789724	0.015888333	1.958493508
8.50195E-05	1.510224183	0.05008215	0.001297817	0.47187362
1.842153481	1.117262655	0.156048405	0.001131503	0.000401471
1.750843883	1.543936358	0.024121858	0.000326551	0.001708122
0.089753156	1.366072415	0.000263156	1.148381764	0.008461512
1.96956428	0.013265373	1.994523797	0.007400597	0.000465376
0.000107106	1.589406561	1.344485219	0.165043308	0.002247514
1.886496271	1.989101965	1.943565505	0.031312442	0.033221088
1.880036479	1.805124392	0.501258086	0.787126642	1.86108558
1.906183278	0.003277813	0.86243505	0.000185645	1.831632088
0.517352564	0.301240532	1.464574947	0.210574373	0.001145712
0.245280634	0.418084016	1.753835774	1.062113765	0.00015818
1.572644047	0.000119114	0.939338871	0.006049029	0.000953133
0.014726638	1.276383658	1.841295902	0.000200472	0.001053174
0.481971516	0.309690719	0.127482103	0.001047187	0.551578189
0.035708615	0.006769977	0.357571846	0.000942455	1.315447696
0.558825154	8.78044E-05	1.186804383	1.883241212	1.976676022
1.432083835	0.370796202	1.442945713	0.525596234	0.003839735
1.267512801	0.561826078	0.888845576	1.630593696	0.59003481
0.002359333	0.005381469	0.064931534	1.681227382	0.007909027
0.077594754	0.025995953	1.730573034	0.002553928	1.109795609
0.969805596	0.59437119	0.000284066	0.008112004	0.019258273
0.356661987	1.069374127	0.001078365	0.012858695	1.879320873
0.069295215	0.090463365	0.400522017	1.528255981	0.249420745
0.000167277	1.11155409	1.828429428	1.892559641	0.000377138
9.03771E-05	0.647723476	0.669507496	1.910904686	1.984371964
0.001161853	1.848363366	0.002696286	0.824053506	0.003024214
0.000101852	0.100850831	1.89635448	0.346841362	0.003632898
0.01304801	1.189814632	0.193312172	1.755875812	0.005582642
0.648099538	0.78526928	1.82079605	0.002075566	1.681571477
1.914876267	1.36141166	0.466499237	0.577587941	0.007592115
0.008216774	1.635673591	0.024067496	1.990950601	0.020252924
0.00019758	1.991819021	0.95752585	0.000332262	1.006141253
0.557165752	0.000226466	0.000196218	0.000447529	0.000128296
1.262669886	0.083253268	0.002383803	1.848769362	0.000155246
0.00038481	1.817758368	0.744637495	0.106016576	0.000402332
1.546302811	0.004166892	1.764175509	0.081434229	1.956353031
1.046824601	0.000454656	0.000133737	1.421237087	0.247745365
0.027224597	0.00291925	1.09854701	1.962236983	0.000525546
1.993691691	0.277428861	0.643344468	1.461245157	1.829924751
0.084476947	0.000810726	1.17557431	0.007029781	0.001511655
1.447685722	0.016703095	1.776164473	1.726318999	1.949847518
1.176165755	0.503698597	0.001407249	1.889667149	1.2710501
0.670536229	0.057461544	1.915980914	1.384398129	0.000147847
0.727845344	0.006251694	0.001930413	0.02647538	1.929809678
0.015609031	0.129544637	0.072059577	0.065375422	0.001204256
0.161340397	1.305097289	0.00328076	1.973276808	1.98452408
0.00030134	0.020515509	1.58453708	0.004480234	1.956752583
1.991074938	0.246630371	0.000116584	0.046160218	0.982052642
1.903569511	0.000242678	1.379355693	8.24658E-05	1.452393761
0.004683149	1.839251058	0.001291906	1.856152113	0.508245677
0.044633114	0.272088479	0.065067462	0.025700126	0.002455388
0.000621433	0.00019822	0.001529946	0.006645191	0.002761973
0.004074528	1.317581498	0.000842968	0.34813274	0.004029661
0.086236914	0.003176498	0.045542655	0.013460541	0.200737669
0.001197908	0.00038993	0.02530944	1.971212377	0.000453957
8.20219E-05	0.2365725	1.244969926	1.936191441	1.923658568
0.000162409	1.753463935	0.113613888	1.994634229	1.335965795
0.020188604	0.126675971	1.535760439	0.075685757	1.943522035
0.184177572	0.237992768	0.000199969	0.000321784	0.033731188
1.808040653	1.089388246	0.840432053	0.971135745	0.294709419
0.000129183	0.93314069	0.483226818	0.104623798	1.271925347
1.967444798	0.000582819	1.970327226	0.94158361	0.369734586
0.000100354	0.119058204	0.000370831	1.176276969	1.552739444
1.922388947	9.9205E-05	0.719914942	0.189525442	0.008389667
1.971913941	1.500047526	1.71027622	0.000399815	0.038891195
0.005544792	0.772358525	0.013428037	0.14272559	0.006363817
0.041610957	0.000837319	0.000467304	0.173584881	0.089553838
0.000639289	0.151879524	1.283743642	0.20714693	1.838521243
0.042218188	0.00599808	0.320839641	0.01511952	1.790596714
0.368162268	0.231377955	0.228813365	1.99409152	0.00367405
1.160240244	0.518003488	0.051942225	1.974925153	0.159189737
1.465068228	0.001372065	1.945170582	0.001551873	1.713763184
1.45443478	1.984584897	0.456637692	0.038736755	0.067332836
0.001008034	1.982403825	1.989239637	0.090012808	1.940419339
0.808436242	0.554364888	0.623193022	0.098718007	0.000406529
0.00033098	0.593114879	0.011037846	0.423016947	0.000174235
0.621289611	1.925337413	0.001415574	0.000278844	0.003368889
0.048972729	1.692541779	1.968418541	0.005247034	0.033303255
0.044308043	1.726759942	0.012311905	0.704079067	0.000262671
0.003845111	1.210931854	0.000408984	1.366332649	1.749101021
0.381939875	0.014833076	0.275248442	1.954080818	0.01301265
1.897551804	1.111107617	0.283279219	0.000671223	0.000321433
0.474234926	1.3520574	0.148793866	0.000876505	1.477927702
0.000265748	0.224868186	0.373245115	1.513225958	0.000293924
0.005137267	1.993474039	0.05263753	1.84900373	0.01955637
0.020097841	0.030651847	1.127291802	1.633470053	0.000380903
1.373214745	0.018477663	0.042266995	0.501877931	0.000361915
0.011394756	0.654763724	0.000642195	0.789993526	0.000204479
1.614554198	0.703032695	0.00082664	0.028908943	1.364379047
1.879396187	0.920904729	0.240975761	0.992935865	0.007343495
0.001835526	0.0049063	0.872336798	0.823855066	0.001132841
1.800940411	0.041436028	0.000610509	0.003107857	1.882718439
0.048918041	0.117444722	0.000641513	1.23954263	0.174038102
1.142842937	0.022009862	1.266179385	1.828530763	0.604637832
1.773830285	0.041738348	1.978313219	1.063145922	1.989653579
1.64290524	1.947873764	0.001284378	1.951481253	0.79773038
0.005600997	0.000124051	0.758539079	0.009246237	0.642146079
0.021541457	0.01378765	0.048025332	0.464818782	0.00097562
0.003766866	0.656230449	1.983025032	1.976259741	0.046075399
1.973604256	1.994504457	0.027991892	0.020952226	0.566614493
1.93005362	0.271917916	1.974948743	1.876762153	0.000132816
1.554438659	0.344927742	0.085028914	0.133907448	1.917414071
1.06856324	1.942313491	0.022689085	0.000150106	0.735353239
1.619509282	1.142121277	1.767378651	1.994407772	0.109876471
0.001184918	0.000701092	0.006408932	0.000290229	0.206840277
8.05057E-05	1.664124193	1.692866821	0.213348248	0.075475221
1.961659805	0.00451879	0.290613476	1.334186551	1.624516143
0.544277347	0.519968011	0.000219645	0.975925292	1.791412591
0.497048703	0.00010477	1.991036743	1.822884717	1.316831764
0.026630508	0.006027705	0.677857664	1.124592451	0.94535719
1.95614057	0.017082296	0.541446656	1.20983713	1.978964678
0.000333086	0.030423181	1.509285903	0.000166074	1.29185286
1.236628462	0.010386934	1.98918338	0.396377022	1.919508702
0.365855942	0.594869118	0.156256357	0.108276572	1.987695966
0.781863846	0.001579482	1.993581793	0.027068668	0.019553736
1.754389925	0.007350183	1.802848301	1.268365909	0.002841397
1.299335416	1.919186815	1.971233703	0.086702221	0.359107698
0.023445197	0.001254074	1.979933016	1.577867691	1.752949651
0.000370539	1.252874202	0.954302657	0.154388928	0.012165092
0.963103704	0.058360223	1.967795569	0.011779083	1.963755717
0.000281974	0.161898805	1.993970512	0.553643922	0.045929157
0.036354424	1.782452198	0.001917014	1.607182147	0.001612307
1.090027034	0.004751126	0.387321874	0.000668453	0.065347263
0.002413062	0.094082472	0.918693507	1.903650395	1.392690103
1.989742757	0.008614656	0.551141002	0.000398913	0.000320471
1.98708569	1.544357222	1.454097754	0.095199805	1.208487395
0.655138532	0.000110371	0.001793226	0.037042824	0.090044125
0.179457323	0.033572001	0.011194353	0.337219012	1.799856609
1.141535799	0.142776135	0.597398752	0.004480603	1.763755101
0.080385014	0.759503066	1.959691979	0.000570472	0.411612781
0.003047667	0.012480053	0.000267249	0.258490951	0.008031803
0.000495514	0.00075835	0.136802863	1.962530157	1.950871186
1.861085736	0.32926952	0.204790537	0.485159314	0.003493782
1.353696884	0.021764743	0.337655115	1.583936426	0.000458643
9.39415E-05	1.089215685	0.001543831	1.972657559	0.005103013
0.024958861	0.002593758	0.988790573	1.563120885	1.618365053
0.87460994	0.000986846	0.739892083	0.516861882	0.000335078
0.472187951	1.994672112	1.889082519	1.849189678	1.836505807
0.008762299	0.019497795	1.920974218	0.020481125	0.299006425
0.000479058	1.676616246	1.158171107	0.213125129	0.055585302
1.967899209	0.000932205	0.133040751	0.000433765	1.926542652
0.000294801	0.362653767	1.953702053	1.969068694	1.747571588
0.00062181	0.005286002	1.240206225	1.446303102	0.667281131
0.000125771	0.055048454	0.012674655	0.064732605	0.001486747
0.000123482	0.030511172	1.710151729	0.018335318	0.008585276
1.317644173	0.003103375	0.673510566	0.000379525	0.160155672
0.421313127	1.886294772	0.001819451	1.835064447	1.745438039
0.00053577	0.331665604	0.368945433	0.002836084	0.003648354
0.501463419	1.49993049	0.00704825	1.929514951	0.131785867
0.136615685	0.000140206	1.653144923	0.001443189	0.000569031
0.480110806	0.04197714	0.105630032	0.036158872	1.961530914
0.126758918	0.237774981	0.748740344	1.994157288	0.002500079
0.445762533	1.164206042	0.001017586	1.974921441	0.051311221
0.296128423	0.088288814	0.329001797	1.994682026	1.96007167
0.089866287	0.600233229	0.012026298	0.040763376	8.94573E-05
0.039882969	1.913512205	0.000156493	0.005027572	0.092240093
0.005015187	0.044953172	0.414445199	1.783587561	1.766240531
9.91283E-05	1.213112281	0.000366318	1.990146908	0.017239657
0.005078108	0.000194063	1.773126731	1.801493195	1.994458087
0.75738309	1.068622908	1.549644606	0.164011915	0.019285437
0.756266392	0.212936832	0.024037817	1.417672597	0.13317765
1.777794934	1.887090427	0.013294304	0.853068713	1.93685655
1.935044222	1.936247357	0.022517012	1.994158508	1.935136665
0.669666906	1.955576442	0.003305418	0.00085146	1.978338235
0.020095892	0.96785708	0.041539845	0.001132135	1.907807685
1.444526939	0.000388557	1.935613627	0.003432983	0.00481894
0.000179554	0.004056008	1.125197781	1.912605058	0.393829828
9.50515E-05	1.621493198	0.810551889	1.887149137	0.321958677
0.000640024	1.916377262	1.713112125	0.319374066	0.185187506
1.617025253	0.062116047	0.027982846	1.563449884	0.067526458
0.008655264	0.014612885	1.987998037	1.244843658	0.004761824
1.803924599	1.952639142	1.980739012	0.076247675	0.154310452
1.842758961	1.387251239	1.902932722	1.969695855	0.000154676
1.768173178	1.978366301	1.631403496	0.002834839	1.974210028
1.818502405	1.890104437	0.008058434	1.4368176	0.200987251
0.269290879	1.154390977	0.010254993	0.303152498	0.000647037
1.964691493	0.004133954	1.784344359	0.000338531	0.991696813
0.30485634	0.729047656	0.038210828	0.004131212	0.604436812
1.875675778	0.001569985	0.196833438	1.642507593	0.005849583
1.990337848	1.897666903	0.26302363	1.92685849	1.281328808
0.001595049	0.025562442	0.003830165	1.432431693	0.001093764
0.081575027	1.99460161	0.129154697	1.963514797	1.896750925
0.00065255	1.973754789	0.000909841	0.001873566	0.266763416
1.8929097	0.180278398	0.059394479	0.822013032	1.453516255
1.984865676	0.280942835	0.79703218	0.001494098	0.000520381
0.002714503	0.103580871	0.602118537	0.001153521	0.790916882
1.966847473	0.234925823	0.003298735	0.02580535	0.793978011
0.222883195	0.052462486	1.1501414	0.059115919	1.929198672
0.000334647	0.000264896	0.000241536	1.931927323	1.94026926
0.023243787	0.182939031	1.157053625	0.149812882	0.252692653
0.065111553	1.916719585	0.069469698	1.958931677	0.624204993
1.31343928	0.00012373	0.106570893	8.01057E-05	0.01706941
0.000838365	1.940988391	1.712220529	1.21123304	1.921568906
0.591116165	0.430619147	0.30371091	0.014107263	1.504592342
0.004358624	0.000145349	0.007097534	1.88452074	0.557716504
1.456959766	0.24264985	0.004180149	0.061369868	0.917695043
0.00018474	0.002155563	0.002759966	0.001295259	1.952175252
1.967121245	1.803506064	1.671976978	0.022030093	0.176097257
0.4600666	1.109047382	1.665834115	0.564159391	1.88947661
1.991053579	0.761249151	1.994240865	0.000783337	0.071911738
1.838930508	1.981712125	1.444117969	1.757753883	0.002520977
0.46412061	0.297299555	0.000548044	1.481553407	1.991285765
0.726927457	1.821037795	1.441308495	0.138897094	0.070916941
1.410015771	0.017308217	0.080470397	0.000349078	1.745623945
0.001759734	1.506782694	0.913548107	1.757197399	1.842309214
0.005204678	1.955968258	0.019497784	1.381055898	0.000267754
1.872893377	0.726564535	0.000102596	0.061746016	0.00016546
1.987132191	0.000824685	0.02233569	0.18944355	0.003307377
1.237368385	0.006603909	0.080562153	1.815760886	0.006303875
0.852778111	0.000210406	1.81412663	0.343086129	1.554756689
0.260669924	0.687106572	0.014501615	1.991712018	0.971642577
9.43662E-05	0.000429644	0.00162412	1.423692998	1.983878947
0.010425103	0.661457634	1.389222168	1.44216088	0.000580538
1.876258108	0.022474506	0.003154417	1.951525986	0.000412931
0.004176821	1.569708607	0.67831174	0.001197806	1.339364694
1.952259866	0.104097147	1.048104968	0.014713561	1.828666894
0.007129709	0.006916194	1.106292481	0.002039388	1.36313604
0.007481179	1.95558751	0.000167004	0.418995915	1.799938131
1.993316534	0.000269861	0.607764464	1.846527774	1.993744015
0.8902264	1.796625077	1.777562406	1.876562059	0.003358903
1.932960111	1.346419877	1.980816356	0.261754496	0.005015954
0.561661633	0.024143709	0.00033755	0.166772654	1.903914847
0.082950297	0.535710181	0.001152651	1.976840922	1.879229004
0.024634328	0.002199218	0.301563438	1.83354079	1.987203428
0.000190363	1.725820475	0.000259267	1.972721009	1.422977864
0.002112803	1.976055847	0.259856465	0.050228536	0.025390718
0.000289875	1.807786004	1.90530405	0.000939844	0.315876152
1.711193524	0.435840466	0.147232219	0.896931828	0.000602669
0.932552966	0.981144398	1.538615719	1.165781338	0.010568728
9.13485E-05	0.01000403	0.194968522	1.006856231	1.851176039
0.140069204	1.519658969	0.025417603	1.486821632	1.988354102
0.218531114	1.57610082	1.87438094	1.986229574	0.114523385
1.913100963	0.004919947	0.261049288	1.88635674	1.888558563
1.981015006	0.000923205	0.000381276	0.146399715	0.000145983
1.885309837	1.629467919	0.227943631	0.300184709	1.986391434
1.879376566	1.975604783	1.98677485	1.607292283	0.049436073
1.890243616	0.009285406	0.033233086	0.003000943	9.04553E-05
0.469609486	0.004187401	0.210603971	0.642153251	0.253957325
1.969171779	1.69103388	0.368141875	0.003867944	0.182220285
1.254947174	1.924561514	1.194990151	1.981488398	0.204106246
0.181760172	0.004083808	0.000196129	0.001468984	0.076382326
0.166705605	1.310568513	1.030060508	0.000383729	0.000948489
0.43235984	0.029081554	0.85452707	1.212279813	0.059420675
0.787437723	0.105421251	1.694691765	1.959756703	0.000314023
0.001935706	0.17300135	0.000273716	1.026054058	0.408644493
0.000790292	0.004425076	1.978034205	1.968554177	0.0718756
0.000149308	0.413386137	1.84387767	1.978578758	0.033882207
0.195997407	0.153626788	0.000698511	1.903586722	1.993569209
0.018817179	0.033653397	0.001529795	0.035980763	0.323135196
1.009908025	1.851311638	1.825666692	0.453913846	0.003649615
0.243598316	0.292484132	0.000973937	0.00012427	0.117608064
0.003897055	1.835074949	1.716418055	0.000205037	0.728867051
1.943918196	0.403704845	1.951060567	1.901491397	0.040151245
0.004550944	0.766260306	0.237692231	1.616262871	0.641381947
1.404136636	1.985218854	1.97840595	1.099992042	1.164961467
0.663543215	0.061412444	1.970085185	1.949004012	0.019090659
0.006435936	0.811875935	0.000159008	1.963031501	0.187702468
1.991023884	0.592516056	0.119828373	1.611724974	0.016967859
0.032070006	0.01519036	1.931814722	0.117687176	1.482462434
1.535086102	0.008612876	0.024383354	1.800354667	0.060330432
1.59758898	1.822137917	1.917987287	0.027431725	0.000297695
0.07475944	0.002195875	0.151599539	1.515493807	0.83559415
1.185963951	0.956640177	1.34663445	1.603283371	1.82822575
1.989512966	0.000132952	1.554360124	0.872051899	0.001357751
0.004665699	0.676613457	0.00617691	1.845853111	1.72990958
0.034950682	0.009715128	0.003703862	0.347648123	0.003260804
1.083100051	8.70942E-05	1.882856885	0.034492867	1.131159942
1.445038361	0.003810539	0.013521047	0.223714718	0.610304535
0.773093678	0.760077354	1.714506268	0.001670447	0.000987123
1.993339125	0.000768179	0.082660858	0.000247869	1.994601019
0.283555018	0.60076573	8.78504E-05	1.329718706	1.891097686
0.001389839	0.008145225	0.051222122	0.065867765	0.404216502
0.557447282	0.999598763	1.994658817	0.08629466	0.502929613
0.031409796	0.29680663	1.385389436	0.000177909	0.132385439
1.192906105	0.24344249	0.705497093	1.208834028	0.82087053
0.65391226	0.018539215	1.632171803	1.936867111	0.291452756
1.34801577	0.014576252	0.000958396	0.005837411	0.005377107
1.981291909	0.595084218	0.006169253	0.748028909	0.000463282
0.300277043	1.823700321	1.694046504	1.80984526	0.000365275
9.47022E-05	0.00102233	0.094676756	1.229352107	1.549094413
0.010791673	0.392801109	1.588414864	0.836060449	1.994165858
0.291758227	1.873339791	0.025140687	0.000119588	1.618143704
1.754984268	0.880394157	0.62647767	0.022440176	1.167861879
1.055844086	0.328047381	1.227632063	0.010468159	0.001049103
0.000940991	1.299525877	0.739818492	0.00025823	0.014678607
0.170149133	1.171507242	0.000878684	0.400063473	1.994118017
0.042755465	0.004534609	0.002110864	0.006886524	0.504578911
0.127555455	1.887798406	0.005669606	0.011762201	1.992281025
1.863246794	0.304348159	0.783813608	0.011770685	0.002666363
0.009070622	1.307577665	0.057060837	0.019322888	0.002436181
1.994091728	1.232449443	1.427168975	1.835097007	0.127522904
0.632023559	0.01834092	1.990867136	0.000872059	0.467196981
1.974533933	0.037158999	1.992474962	1.339205099	0.034438433
0.000189902	0.000817449	1.903017681	0.594551711	0.884172635
1.990709873	0.001252947	0.094867035	0.040475658	0.756542621
1.581778116	1.630535591	0.002290976	0.773898856	1.237579867
1.099682793	1.051080927	0.001330214	0.442675731	0.003099141
0.384860357	0.005298528	0.097944798	0.00162639	0.004434005
0.00214931	0.002633018	0.080731858	0.000326666	0.048869016
0.233146156	0.021306276	0.000523164	0.899363056	1.918008038
0.838891981	0.229926399	0.062900267	0.000325361	0.243884772
1.884473779	0.000228193	0.000879357	0.000198917	0.003151448
0.00659782	0.890298179	0.007045266	0.003016768	1.454772913
1.992001553	0.087324437	0.000159258	1.987520349	0.002015826
1.661997785	0.00041104	0.436853245	1.615896073	0.003377186
0.000165926	1.983319472	1.082615718	1.74372258	0.000486297
0.000121846	1.927030166	0.004308671	0.644157643	1.788908223
0.417434205	0.87084439	0.020964513	1.957657468	0.872547058
0.691484906	0.071754845	0.013316303	0.003682872	0.000256608
0.004981335	1.738554242	0.000823524	0.017209487	0.189014508
0.01121546	0.500117607	0.018509192	0.011284614	1.422502148
0.850296006	0.273082148	0.432945113	0.538955157	0.478561356
0.967376657	0.00600379	0.966525317	0.00293793	1.88574875
0.016602895	0.242116102	1.455144452	1.341795899	0.008887315
0.000737671	0.000273308	0.000468055	0.377594185	0.000187256
0.005202641	0.006463698	0.004379662	1.181844194	0.702311587
0.055363483	0.001383764	1.545899604	0.002897473	0.00016086
0.002473827	0.019057089	0.144037609	0.001357902	0.218338814
1.874547746	0.001273358	0.063344551	0.239614593	0.00017029
0.000751728	0.002515758	0.000710436	0.714333958	0.000465326
0.006399588	1.105543845	1.993767215	0.00011007	0.762076964
0.67636825	1.353636122	0.023560212	0.276708694	0.307024137
1.294853779	0.00016072	0.072241036	1.896433593	1.888115031
1.929240902	1.910377053	0.053311792	0.518879353	1.120859666
0.065240213	1.428273422	0.409566405	1.900041707	0.120906992
0.007289808	1.934473118	0.007613114	0.01213004	0.109599656
0.029912444	1.988341344	0.944226859	1.514449769	0.846863002
0.000284412	1.991510724	0.166862709	1.982587351	0.015442099
1.820445519	0.000982736	0.106530424	0.074962206	0.000213246
0.00048763	0.001017309	0.01173253	0.539920595	1.605859858
0.000636433	0.124145884	1.950775153	0.119766704	0.000112267
1.795381087	0.001032505	0.000993342	0.001473573	0.407824795
0.159926433	0.055973477	1.914021603	0.59737151	0.005020596
0.780645075	1.980283131	0.922143884	0.000607472	0.000782181
1.871805885	0.670660946	1.108862275	1.427905834	0.000486219
0.032045477	0.041983047	0.073553684	0.908004895	0.257120103
0.000467416	0.255089133	1.192203513	0.442106912	1.864406607
0.285584842	9.78161E-05	9.15384E-05	0.587653787	1.98674837
0.080219282	1.299955207	0.866149383	0.037002725	0.17135637
0.02325078	0.001345877	1.285064783	1.593430796	0.001169454
0.045223216	0.000512723	0.036049721	0.279793374	0.380567757
1.382617863	0.163187983	0.001354365	0.002953488	1.928136973
0.001852241	0.00030994	0.451260912	0.302121256	0.027268618
0.891260373	0.051171936	0.026966742	0.005181053	0.060735401
1.676768113	0.062769318	0.202128048	1.205771341	0.038007177
1.944510858	0.503320654	0.040678994	0.016094728	0.000123013
1.923370707	1.679852536	1.47345437	1.211216328	0.005766019
0.03056132	0.109321933	0.275491737	0.08450829	1.835105576
0.131596793	0.182718704	0.227971303	1.97253686	0.361017475
0.039940646	0.072542965	1.909706382	1.777128277	1.786274182
1.167423206	0.000113187	1.965593184	1.800706677	0.515248086
1.454718688	1.944340693	0.143039215	0.65193745	0.000143981
1.989483585	0.000329149	0.013081867	0.019255754	0.002208403
0.228469993	1.109557934	1.914471186	1.90738779	0.000822915
0.021390982	0.003157003	0.000753555	0.068180575	0.122106735
0.000245366	0.597497148	0.561849739	0.163583725	1.016606345
1.630739533	0.64225834	0.851992201	0.00011751	1.990930627
0.000544216	0.044494394	0.106105816	0.00493556	1.989874222
0.022279649	0.001524124	1.925249643	0.000229267	0.003404572
0.00019051	0.025573182	1.994411061	1.928711469	0.002533011
0.003907002	1.994661342	1.764530539	1.827744384	0.057448873
1.684147997	1.101294527	1.731466456	0.245106225	1.849567321
0.392304631	0.00011471	0.731180142	0.006640159	0.080343287
0.467095637	0.480024761	0.083705124	0.000163285	8.6004E-05
0.004037683	0.017143463	0.039203444	0.105882401	0.821328408
0.099885897	1.953773186	0.000793517	0.009350058	0.395151238
0.00927725	1.994428531	0.026731169	1.935908137	0.015507506
1.966176663	0.366692722	1.968809311	1.440909444	0.010272586
0.003397142	0.000449247	0.216174318	1.973068935	0.947403027
0.008221501	1.960880496	1.640185839	0.001083765	0.606301253
0.086014728	1.085762492	1.833248816	0.002812396	0.011410332
0.001261613	0.323376016	1.798671714	0.310556369	0.000989759
0.263623272	1.048703752	0.599988628	0.003579895	0.000125273
1.274528099	1.560604713	0.313579604	0.000476181	1.993725471
0.013391796	1.801478903	0.643824648	0.002554676	0.142731582
0.001099035	0.000104306	0.00072735	1.792935847	1.990392392
0.787120507	1.903492063	1.992316517	0.561101346	0.001963029
0.030585005	0.000215942	0.141989761	9.17023E-05	0.010668219
0.002965085	1.957085543	1.890808152	0.021598462	0.232462986
1.48205169	1.849195302	0.000138666	1.922697535	1.930323293
0.006202471	0.913190778	1.603740263	0.000203288	0.002884592
0.390376532	0.022114836	8.09644E-05	0.088595305	0.714465998
0.085896437	0.002608681	1.85237873	1.738068509	0.13161337
0.003136879	0.202387862	1.901876118	1.160586267	1.99353009
0.000409199	0.130071518	1.86582971	1.936613266	0.962513096
1.763096398	0.850167366	0.154088055	1.158276597	0.084349454
0.002762874	0.026162081	0.267762598	0.259741944	0.098113619
0.010143352	0.0168688	0.001477981	0.371907636	1.98857821
1.828885184	0.218036828	0.039439925	1.821076649	0.002341942
0.000173674	0.677857747	1.088889782	0.000955358	0.000262601
0.010363797	0.902456421	1.817164994	0.000263496	1.067924643
0.002305524	9.14925E-05	0.71676167	1.897975324	1.656621024
1.885931061	1.865894634	0.198043272	0.025818888	0.558992379
0.050060477	0.087328293	1.018949794	1.890982721	1.763902851
0.002854434	1.029209295	0.427185361	0.009569569	1.792549151
0.185120305	0.007107253	1.811907183	1.87683761	1.862679811
1.76458629	1.45153352	0.059272924	1.489685918	0.002736451
0.000218769	1.827038784	1.993971955	1.85629861	0.004708702
0.054608538	1.989535053	0.001591257	0.133596297	1.533932732
1.483434681	0.915727933	0.000956593	0.000464901	1.727892878
0.099650274	0.0013287	1.751189462	1.221044548	0.008265698
0.000472314	1.937996928	0.000899157	0.9460934	0.000585661
0.246105935	1.807119019	0.043362433	1.889128858	0.090173492
1.862300464	1.231634571	1.297885846	0.011110087	1.947185085
1.060908177	1.327424401	0.021516658	1.932471504	0.024120301
0.026541246	0.275861446	0.011804242	0.009485709	0.011923968
0.007810849	0.426087506	0.007612339	1.003773924	1.380195093
0.00012891	1.784010065	1.892460834	0.028319571	1.302185876
1.981471519	0.776416697	1.90707111	0.001379282	0.066217683
1.335896649	1.968671326	0.224258493	1.401108389	1.856079851
0.389088361	0.000252695	0.018700173	0.000566671	1.426693955
0.020192114	0.687502001	0.061804325	0.020763299	1.713635958
1.83523848	0.291747477	0.019160646	1.578579829	0.003651602
0.20114443	1.666692721	1.495030946	1.713265678	0.032582376
0.000104507	1.885766785	1.962476469	1.768475576	1.991037643
0.000371341	0.004108252	0.000221005	0.000427131	0.000327387
0.009894121	1.9756896	0.029859143	1.939888902	0.834050171
0.000986884	1.477517264	1.119203143	8.40718E-05	1.308809015
1.994572919	0.238427826	0.526651487	1.989203132	0.00035276
1.939527703	1.816656029	0.000167676	0.157068211	0.024091855
0.000127223	1.661288607	0.214109053	0.003746549	0.107689851
0.255124241	0.032919259	0.322033506	0.024404624	0.632021723
0.036756364	0.006612305	0.118090266	0.006364669	0.018062097
0.00093635	9.20929E-05	0.017739791	0.088122975	1.964571825
0.000319083	0.72188286	0.002054101	1.195160393	0.00198711
0.025817227	0.000283977	0.285533734	1.944459601	0.271140784
0.000649048	0.176740265	0.01589535	1.968465606	1.874295905
0.566575942	0.02804885	0.029525761	1.824408422	0.034455578
0.000222292	0.503629567	1.519410632	0.063481772	0.011539531
0.625645608	0.028555726	0.000352359	1.174592426	0.449688766
1.147156402	0.021427479	0.0011313	1.350353377	0.000145904
0.937116108	1.100885188	0.007347404	0.00317371	0.658256738
1.786794018	0.002453548	0.000557897	0.216668161	0.009293855
1.977471827	1.994194857	1.63444189	1.493985618	0.323848014
0.789793071	0.028373617	1.696486532	1.93988946	0.370163708
0.553610409	0.08867185	1.893589198	1.823075277	0.000415391
0.694079862	1.685228086	0.484744402	0.038357286	0.776910032
0.069389087	1.525466893	0.984154914	1.864531472	1.664126992
0.014085671	0.058530162	1.940051569	0.012509395	0.30951681
0.004537529	0.790858094	0.197984509	1.114160282	0.312441026
0.021263305	0.080114502	0.029425014	0.00497332	0.006658967
0.000988699	0.000172965	0.00252126	1.954797283	0.052489679
0.522582061	1.705536028	1.342462263	0.000200778	0.005046538
0.004048857	0.01847718	0.68845948	0.00959221	0.101834691
0.217197446	0.004594962	1.883445722	1.798158359	1.933375643
0.005411256	1.809415968	0.271098429	1.83966735	0.15257644
0.001276671	0.036417487	0.81915629	0.054379472	1.904784882
0.768942727	1.575203164	0.00077586	0.000471563	1.79325524
0.050285248	0.318603569	0.692805581	1.926752428	0.102383739
1.824960843	0.012472865	0.001105249	0.679300747	0.010651472
0.392427196	1.845374814	0.000488811	0.004537497	9.70712E-05
0.004938261	0.10314987	1.578516153	1.775218197	0.108397375
0.002257817	1.243294885	1.258521464	0.003265993	1.992361621
1.98602088	0.00546446	0.152929021	0.314725765	0.02814111
1.944163666	0.517983623	0.622460904	0.011955846	1.979810144
0.69326627	0.021262289	0.818454455	0.326624011	1.970227503
0.250244427	0.008827067	1.926982365	1.4496413	8.75427E-05
0.001158462	0.000755525	0.032378391	1.924150585	1.994495436
0.881137759	0.004918188	1.835758271	0.015762316	0.091962429
0.01754548	0.014039025	1.989677059	1.188025772	0.086126597
1.916427119	0.004219421	0.920224778	0.000347793	0.005537384
0.008720852	1.707790646	1.611693685	1.619332547	0.042215637
1.28004866	0.00103941	0.147249039	0.017267594	0.950675529
0.005953167	1.992148493	0.686967681	0.002480571	1.991000899
0.921882839	0.000603117	1.389760198	0.261951618	0.287506094
1.970832431	0.006955217	0.046537309	0.052099543	0.078494258
1.720704165	0.007547283	0.272703247	1.820568799	0.014152528
1.726915715	0.36186031	1.722591164	1.815387902	1.990702645
0.000184529	0.001390091	1.28987006	1.137555078	1.655299492
1.092242146	0.001044287	1.879797467	0.420700891	1.976918191
0.002810301	0.555874145	1.935564238	1.694663799	0.466118332
0.007403032	0.040263371	1.321910915	0.011071727	0.000568001
0.337235511	0.236652311	0.002774296	0.026143592	0.000455857
1.585127522	1.950945739	1.782457206	1.994497132	1.985444008
0.019047137	0.952460909	0.020619652	1.464025572	0.00019555
1.879588375	1.307587428	0.074757808	0.033136305	1.993126229
0.570212292	0.035262298	0.128299617	0.071655823	0.006464123
1.945954155	0.14958737	0.817829693	0.01555174	1.980684949
0.029809472	9.82706E-05	0.000518199	0.002155514	1.105851308
0.534263662	1.193214035	1.569377518	1.89299708	1.846104283
0.00936256	0.001855729	0.014321156	0.213339484	0.044638533
0.000543172	1.687139637	0.001519493	1.344542335	0.056093306
0.061608457	1.993403541	0.010850473	0.838926355	1.81005232
1.797473805	0.000283629	1.908186068	1.567617488	0.000538325
0.000119452	1.133026439	0.000419175	1.699455644	1.6290316
0.000191122	0.023247287	1.990601144	1.872636668	1.488907124
1.747037733	0.01581187	0.681729489	1.184103408	0.006349057
0.000223084	1.311770319	1.545242338	1.012938148	0.133454742
1.015742326	0.006111286	0.004591498	0.845675955	1.921298745
0.000361428	0.099381087	0.017017898	0.001893361	0.054706317
1.968092625	9.97311E-05	1.932617307	0.36875713	0.768861866
0.011970165	0.00619817	1.992970022	0.732237992	0.010359063
0.988594216	0.997355904	1.13995397	0.002541108	0.000161313
0.013738675	1.690596021	0.004643672	0.003499138	0.000481307
0.501318334	0.168939492	1.669621024	0.011716643	1.964817468
0.018628154	1.453844216	0.007806945	0.007106493	1.595423372
0.044958963	1.211627643	1.45152292	0.098996507	0.342440834
1.85533524	1.858294615	1.716071929	0.000837801	0.000234859
0.00156347	1.966303319	0.73581485	0.171170408	0.000143174
1.751739437	0.947300462	0.466371385	0.000966046	0.019316414
0.19291564	1.831592348	0.049524178	0.163313739	0.000109817
0.082617046	1.982091691	1.748661357	0.000363652	0.475666009
0.701715146	0.000988802	1.756907809	1.239643286	0.045930698
1.811672782	0.253415519	0.000370688	8.59084E-05	1.344220084
0.026261704	0.00028248	0.000375021	0.020040265	0.130410766
0.231132721	0.002313582	0.59322233	1.862746364	1.96198274
0.025554731	0.006050441	1.147958029	0.969353574	1.864511521
1.91639099	0.000146136	0.000864693	0.598506214	1.843106513
1.993273277	0.075113822	1.953763502	0.310886497	1.993271284
1.441059016	1.994344662	0.000742525	8.75839E-05	1.45663034
0.198011941	0.015763521	0.000187852	0.189614099	1.962423139
1.993461643	0.076476743	0.015367393	0.003516539	0.050053806
0.609995415	1.971172979	0.259140808	0.005959294	1.985489695
1.815600736	0.046094418	0.120210823	0.508414548	0.001502565
0.006593454	1.88615836	0.05671825	0.032579267	0.130650229
1.973922947	0.047013875	0.000109009	0.036841084	0.412944366
1.984149087	0.559688384	0.00257086	1.985155851	0.438211912
1.371919421	1.273677345	1.991772446	0.003274152	0.000117698
0.028533073	0.622529687	0.147028355	1.817736134	1.324671165
0.048426987	1.947466615	0.079343063	0.013937889	1.955643761
0.12263709	0.394647669	1.752804833	0.003404086	1.7450784
1.421583774	0.266532649	0.030288674	0.311718357	1.99154441
0.008565447	0.000266505	1.963564083	1.975548468	0.26476414
1.515682982	0.017314711	1.378104532	0.491082246	0.106939766
1.927172163	1.929458827	0.000128683	1.667368339	0.087500411
0.094688285	0.042586016	0.117949221	0.089036823	0.36473335
0.001970342	0.026381534	0.029682473	1.937582827	0.228553875
0.465254888	0.000151935	1.991975984	0.506492331	0.012465739
1.762974356	0.000104727	0.109098915	0.00474042	0.404876108
0.04995494	1.898965532	0.097810442	0.001458612	0.000742704
0.243437886	0.001477442	1.976237193	1.916565489	0.426860735
1.483106327	0.014153472	0.064787204	0.54437173	0.449724618
0.658503753	0.155209865	0.127465972	0.00509252	1.977207946
0.000111476	0.044705863	1.921529739	1.885860911	0.000101755
0.000250342	0.816074151	1.738202681	0.301633261	1.972433413
0.034560715	0.001166686	0.996547478	0.002922748	1.912807114
0.068185359	1.960719811	1.155306846	0.007897488	0.086727424
0.255812035	1.200416934	1.75491794	0.00022974	0.000357184
0.137940578	0.175811204	0.208353555	0.000152136	0.000626125
0.255758444	1.619235403	0.019323469	9.00633E-05	0.000623329
0.432878558	0.012116	0.997872575	0.097337681	0.004410736
1.970633519	0.123227888	0.015190102	1.896181385	0.00013135
1.989012124	0.120281776	0.009378739	0.258438161	1.130315164
1.076492745	1.90870438	1.24969561	0.024327392	1.178967049
0.075732916	1.77923612	0.002596284	1.14951545	1.318998425
0.461064884	0.028267405	0.836179782	1.504786773	0.586353358
0.000134425	0.077652587	1.986414237	1.896867922	0.009062143
0.095322189	1.086597841	0.00023104	0.000108542	1.98137114
0.42055333	1.083517222	1.563872337	1.586280167	0.556481877
1.993598306	0.067081609	0.001521189	0.002543955	0.722989331
0.196486596	0.429889568	1.891986094	0.338404623	0.001963909
0.000384636	0.004735065	1.941962882	1.99014793	0.254452456
0.163091996	0.98891876	0.001180047	0.043746732	0.000134832
0.00013941	1.991790751	1.923664474	0.287155166	0.000400141
1.560909507	0.000372728	0.002313505	1.964306372	0.958250623
0.054605788	0.018973432	0.000570635	0.021270766	0.112661841
1.637905999	1.994460527	0.469678131	1.600910986	0.556586133
0.526145844	1.908649045	1.774056204	0.459233941	0.002140172
1.317163927	1.034374893	1.138588215	0.030322364	0.001226559
0.639300603	1.708314919	0.13331806	1.901769884	0.211254571
0.999766177	0.000295049	0.064766538	1.326426381	1.982976151
1.373276516	1.047991394	0.455644091	8.01189E-05	0.003016167
0.231475316	1.8549944	1.990649561	0.112083757	0.0003355
1.582194383	0.029111252	9.61747E-05	0.004273841	0.01470418
0.000352218	0.116457487	0.007186767	0.015739099	1.829636112
0.146469621	0.576350496	0.024988614	0.069455844	0.033889944
0.307944388	0.026769253	0.002178128	0.047275574	0.004491684
0.552789559	0.019953781	0.411417369	0.055725725	1.796488187
0.00173275	0.284569519	0.127902978	0.153397853	0.000157148
0.304306155	1.286063617	0.000181861	0.004673374	0.004312604
0.002723154	0.566874636	0.658673027	0.520275288	0.218571611
1.38665439	0.002402764	0.095719426	1.794201902	1.978714671
0.033158562	0.123948519	0.000171013	0.063831887	0.00033163
0.066990152	0.76805251	1.206779395	0.012348175	0.003000995
1.048002484	0.000237266	0.916065487	0.005036408	0.002032288
1.187762824	1.962527694	1.990188908	0.003177002	1.06688491
9.95372E-05	1.908621075	1.633700374	1.530159696	0.473879873
1.584555024	0.000314501	0.018294503	0.015290392	0.000254293
0.042340487	0.000479962	0.110227759	1.837355129	0.062969474
0.753924875	0.000746492	0.17138342	1.004899054	0.00499999
1.766445308	1.712089063	0.000417783	0.018151564	0.237016307
1.351529708	1.215974516	0.613965836	0.002143867	0.037638136
0.065115518	0.435058792	0.408633349	1.991092562	0.449153681
0.00111011	0.000158355	0.000170186	1.06450929	0.250643514
0.008264433	0.00563296	1.803030519	1.248519751	0.221698924
0.398887209	0.084425667	1.427107459	0.005777087	0.8955061
0.028825278	0.11481995	0.036062632	0.000254812	0.000168782
0.795065676	9.26337E-05	1.843426783	0.042350392	0.742583959
0.008705523	1.820832217	1.994628593	0.038150923	9.67536E-05
0.762968148	1.942010722	0.900037528	0.03184028	0.859835015
0.000409294	0.150797585	1.457493603	0.001244348	0.036508501
0.006924254	0.019563239	0.01751801	0.005255691	1.033174473
0.053253587	0.837921049	1.862889446	0.023517201	1.097217875
0.602713275	1.986995132	0.629977318	1.940443109	0.336653541
0.000979178	1.920602868	0.061918203	1.994337372	0.024509395
0.816234532	0.000658224	0.251710658	0.009325909	0.010998918
1.986079791	1.350606946	1.334858613	0.000855461	0.215310455
0.001308316	1.985301989	1.622510296	0.000295521	0.912428262
9.72984E-05	1.875763534	0.000968553	0.399424932	0.133006483
0.334432766	1.953676326	1.867502388	0.003713286	0.97619143
0.418133176	0.022565658	1.796185834	0.490578049	0.595386376
0.345884253	1.807535421	0.009315001	1.079573973	0.020726189
1.848135835	0.003712855	0.010521267	1.362211689	0.118906465
1.416862849	0.382094242	0.00162278	0.324331513	0.227329822
1.855353691	1.924294205	0.031068955	1.378497595	1.847774008
0.00017344	0.049536634	0.000277141	0.032993791	1.973566277
0.014138359	0.165322996	1.994299969	1.984266302	0.032306573
1.14246241	1.789424303	0.254822636	0.238520152	1.232156428
0.759126843	1.630343346	0.171359232	0.440901674	0.90581913
0.709487716	0.042465898	1.967877302	0.668041699	0.000123787
0.003689481	0.000423339	0.033554537	1.977939486	1.930935954
1.856759679	1.492401747	0.008306362	0.021937241	1.395954584
0.655428842	0.073361653	0.353757589	1.249203352	0.010740573
1.912607309	1.528636755	0.067626164	0.005394016	0.523830469
0.182203088	1.567651244	0.001458577	0.044316276	0.000196086
0.25315413	1.364511608	1.827592912	0.764178222	0.087422684
1.250399539	0.449778979	1.412367204	0.334120355	0.057909037
0.000380535	0.000105559	1.768576944	0.03351791	1.880908284
0.012225666	1.122649217	0.000272864	1.603840154	0.000167264
0.000279418	0.001079614	0.033203108	0.125457669	0.997458605
0.8259696	0.019220633	0.613668665	1.794133169	0.005366912
1.009369014	1.811779001	0.071472376	0.458866966	1.925146185
1.979857866	0.65507165	1.90101458	1.832634229	1.880277601
0.003880905	0.078187374	0.005835182	1.968328575	1.815748673
1.993411878	1.925959901	1.661427746	1.993988498	1.936441883
0.310954039	0.964116738	0.000181807	0.994768753	8.2624E-05
0.179803903	0.783508674	0.000356999	0.072539058	1.994268365
1.861266274	1.891758452	0.123187308	1.127909649	1.61645457
0.022260364	0.016523625	0.000102715	0.249172023	1.947450113
0.004739303	0.000356837	0.841131836	1.289702101	1.767175666
0.428614317	0.019041706	0.617058014	0.000389853	0.001673432
1.40054675	1.861293591	1.581822625	1.634048399	1.993946385
0.544479302	0.197068551	1.994021395	0.13053817	0.031849011
1.476414779	1.827742925	1.994360127	8.69041E-05	0.982164821
0.020026327	0.000471426	0.024452256	0.817371823	1.748028277
0.308867029	0.948526634	0.000219043	0.025234098	0.006326631
0.003107142	0.003368147	0.013981828	0.028044919	0.009861205
0.017968131	0.000391074	0.167401328	1.492556656	0.054029493
0.001220388	0.13183222	0.01087524	1.815278826	0.698735881
0.001521472	0.026477427	1.269278162	0.034116133	1.886689107
0.046659838	0.080332786	0.000405534	1.840553147	9.68391E-05
1.801315836	1.923422358	1.780769426	0.008588017	9.54334E-05
0.016554225	1.169250353	0.055667793	0.219538791	0.533822624
0.275150994	0.063571155	0.017069111	1.989302934	1.936299238
0.005013865	0.442110839	1.970207174	0.006047548	1.46232127
0.000314317	0.356429594	1.651723038	0.000983709	0.215510762
1.641293871	0.005756555	1.466285805	1.940877325	0.94967046
0.004774043	1.010671725	0.041269247	0.00095637	0.001149057
0.002963817	1.353510217	0.036019473	0.095650539	0.083111638
0.561788123	0.003402636	0.414065345	1.688565567	0.716029702
0.187871687	0.000819838	0.583928533	0.005493706	0.711990552
1.781042318	1.852795576	0.188166205	1.790570959	0.003523896
0.006830299	0.553396812	1.191961394	0.39708188	0.004137145
0.000582036	1.885504875	1.450618165	0.48758284	1.876425343
1.624428612	1.093745196	0.000454321	0.005697888	0.261405713
1.304271701	0.000300984	1.889875621	1.510371101	0.000333582
0.000261048	0.166477656	0.044356127	1.739799605	0.0097285
0.809670227	0.696221106	0.507674921	1.991953595	1.783312004
0.048684095	0.018612622	0.694497483	1.060599889	0.000143174
1.77291004	1.970956707	1.849120125	1.875572047	0.000781442
1.463255709	1.994677572	1.882173693	0.231164864	0.001106457
0.029744169	0.321070247	1.914563342	0.033398073	0.027747426
1.933535925	0.103482404	0.001680826	0.00668424	0.348460393
0.47146918	1.266345962	0.014953773	0.31792808	0.001731423
1.384662735	0.097886008	1.753981196	0.192271093	0.013606678
0.000774261	9.04931E-05	0.00046534	0.004446142	0.000231515
0.000746969	0.151094735	0.003609667	0.242217202	1.867738997
0.364350117	1.435860341	1.994094022	1.956602371	1.847632323
0.24315236	0.003460478	0.000130632	1.977334256	0.008741408
0.001802069	1.804901437	0.540938447	0.010613252	0.001057753
0.001633113	0.000598165	0.543777315	0.141093091	0.927914846
1.915412949	0.001068367	1.577608866	1.443414239	1.766378691
1.263253539	0.007222448	1.070780199	0.066083321	0.041792892
0.033522579	0.000184364	0.014597954	0.497601059	0.390332309
0.293221076	1.98727353	0.238574955	0.367936805	0.000501227
1.853556329	1.443124935	1.96304133	1.413371583	0.68413864
0.011529041	1.263983887	0.001495071	1.946741384	1.772362354
0.001672229	1.978494683	1.790320222	0.000160213	0.0083623
0.148342138	0.358038242	0.213607553	1.881538089	0.096281647
0.023073347	0.82146323	0.069657262	0.359770124	0.233655077
1.187944233	0.005113042	0.048066804	1.444912	1.63277124
1.412364367	1.792740211	1.485780028	0.003004254	0.016292856
0.24583553	0.071908887	1.077797631	0.00101376	0.220183497
0.010001632	0.394588915	0.511069667	1.770465128	1.371469323
1.140658197	0.172069164	1.862978502	1.00032048	0.000277209
0.000116515	0.20472174	0.000506491	1.016996873	1.982978038
0.035218299	0.063862755	0.000129275	0.010745374	0.457146498
1.904902657	0.004235652	0.002354283	1.852149767	0.236241706
0.383128326	0.000181529	0.820671153	0.705996063	1.920001545
0.652130299	8.79696E-05	0.075432926	0.041395749	0.007553394
0.001738647	0.302342488	0.002501793	0.002048247	0.001079617
1.796330559	1.872269365	0.000426856	0.995251488	1.986032608
0.307307656	0.006995276	1.860957435	0.003496625	0.3045441
1.893219442	0.000947729	1.649850652	1.969823816	0.09957786
0.007770336	0.088478994	0.000396284	0.001773671	0.611400463
1.682699494	0.033487117	0.175709943	0.207449634	0.088122185
0.002961813	0.000175152	1.15161504	1.431356353	0.190067058
1.080704069	0.043512976	0.002744519	0.492720005	0.080354871
0.881226821	0.016227088	0.000162142	0.013787687	0.0001211
0.04584406	0.001319033	1.829666304	0.000380993	0.186281084
0.263508758	0.045586021	0.025746045	1.971028156	1.944208731
1.422297449	0.057819739	1.937116375	0.264384402	0.00158973
0.292488775	0.001202419	0.01515579	1.095926588	0.000556273
0.001811224	0.13979352	0.024421645	0.001212946	1.913795263
0.011803987	1.139902479	0.00132224	0.55808365	1.746238516
1.376057074	0.005482234	1.822688612	1.933029899	0.001535999
1.948913523	0.000445049	0.540818644	1.291600601	0.000911989
1.830786567	1.828707657	1.993221744	0.007206613	0.514074726
1.992387151	1.802076896	0.09538532	0.001017829	0.048774794
1.986685307	1.700554274	0.986086286	1.924936667	0.019358374
0.009531769	1.536266125	0.000709503	0.000103088	0.00901019
0.01190697	0.00206798	1.582440063	1.354746163	0.003102529
0.955924935	0.506284522	0.000351534	0.005060034	0.02352958
9.04451E-05	0.11450524	1.890135063	1.196502924	0.160304931
0.503076295	0.872433745	0.552487224	1.705378093	1.87726743
1.654857392	0.00332795	1.442230338	1.508066404	1.120389324
0.362418597	1.883938136	0.009317061	1.640392074	0.006513757
1.97885191	0.116300209	0.781308569	0.000110335	0.230329578
0.004001055	1.941095605	0.000340075	0.210295299	0.000152849
0.456812924	1.76972855	0.225550923	1.902610727	1.906862014
0.061249018	1.837101239	0.285186469	0.895758743	0.126549103
1.958805075	0.042204321	9.69121E-05	0.00142237	1.575329983
0.254865673	1.106645336	0.020692836	0.047535646	0.128282551
0.01619817	0.000226348	0.00153087	0.620847266	0.751839879
0.00044321	0.495579845	0.244356444	0.019552067	0.694222848
0.338154941	0.013529059	1.860466615	0.235274074	1.99227611
0.002869881	1.835645986	0.000103662	0.000237184	0.111046912